Scene: Untitled
Entities:
  - Entity: Cube
    uid: [1583312746, 3316505567, 1319969406, 3158553842]
    active: true
    static: false
    view_mask: 18446744073709551615
    parent: [0, 0, 0, 0]
    pos: [0.0279635191, -1.1920929e-07, 1]
    scale: [2, 2, 2]
    rot: [0, 0, 0, 1]
    components:
      - Component: 3
        mesh: Cube
      - Component: 2
        material: emptymat
  - Entity: Cube (1)
    uid: [1400282445, 2539254531, 1237464579, 1897811857]
    active: true
    static: false
    view_mask: 18446744073709551615
    parent: [1583312746, 3316505567, 1319969406, 3158553842]
    pos: [-0.126760364, 4.75298405, 3.5]
    scale: [0.5, 0.5, 0.5]
    rot: [0, 0, 0, 1]
    components:
      - Component: 3
        mesh: Cube
      - Component: 2
        material: emptymat
      - Component: 8
        mass: 1
        friction: 0.5
  - Entity: Spot Light
    uid: [93048231, 4031508709, 3817562668, 694735480]
    active: true
    static: false
    view_mask: 18446744073709551615
    parent: [0, 0, 0, 0]
    pos: [13.5469646, 0, 8.17770863]
    scale: [1, 1, 1]
    rot: [-0.506645441, 0.348066896, -0.00919812359, -0.788686931]
    components:
      - Component: 1
        light_type: 2
        intensity: 2
        range: 15
        sp_angle: 12.5
        color: [1, 1, 1, 1]
        castShadows: false
  - Entity: Cube (2)
    uid: [2278826814, 575420708, 1424792874, 3214824675]
    active: true
    static: false
    view_mask: 18446744073709551615
    parent: [0, 0, 0, 0]
    pos: [0, -8.77754211, 0]
    scale: [66.77285, 1, 85.5415573]
    rot: [0, 0, 0, 1]
    components:
      - Component: 3
        mesh: Cube
      - Component: 2
        material: material
      - Component: 9
        shape: 0
        center: [0, 0, 0]
        size: [1, 1, 1]
  - Entity: Audio
    uid: [475199151, 3866549533, 808755399, 1020744480]
    active: true
    static: false
    view_mask: 18446744073709551615
    parent: [0, 0, 0, 0]
    pos: [0, 0, 0]
    scale: [1, 1, 1]
    rot: [0, 0, 0, 1]
    components:
      - Component: 6
        clip: file1
        volume: 1
        pitch: 1
        loop: false
  - Entity: Particles
    uid: [3924579556, 2624839655, 1849585852, 332250944]
    active: true
    static: false
    view_mask: 18446744073709551615
    parent: [0, 0, 0, 0]
    pos: [0, 0, 0]
    scale: [1, 1, 1]
    rot: [0, 0, 0, 1]
    components:
      - Component: 5
      - Component: 2
        material: particle_mat
      - Component: 3
        mesh: Cube